      0.20 -.5846E-03
      0.40 -.2010E-02
      0.60 -.1202E-01
      0.80 -.1769E-01
      1.00 -.8607E-02
      1.20 -.1018E-01
      1.40 -.2471E-02
      1.60 -.6350E-02
      1.80 -.7783E-02
      2.00 -.3776E-02
      2.20 -.5906E-02
      2.40 -.8286E-02
      2.60 -.4553E-02
      2.80 -.1042E-02
      3.00 -.6254E-02
      3.20 -.1103E-01
      3.40 -.9433E-02
      3.60 -.1063E-01
      3.80 -.9158E-02
      4.00 -.8439E-02
      4.20 -.4289E-02
      4.40 -.1197E-01
      4.60 -.3187E-02
      4.80 -.4692E-02
      5.00 -.1108E-01
      5.20 -.9840E-02
      5.40 -.1426E-01
      5.60 -.1082E-01
      5.80 -.5519E-02
      6.00 -.5904E-02
      6.20 -.1152E-01
      6.40 -.7282E-02
      6.60 -.3013E-02
      6.80 -.1210E-02
      7.00 0.1208E-02
      7.20 0.8467E-02
      7.40 0.1282E-01
      7.60 0.1673E-01
      7.80 0.1783E-01
      8.00 0.2020E-01
      8.20 0.2034E-01
      8.40 0.2103E-01
      8.60 0.1678E-01
      8.80 0.1606E-01
      9.00 0.2313E-01
      9.20 0.2539E-01
      9.40 0.3404E-01
      9.60 0.3478E-01
      9.80 -.8168E-02
     10.00 -.1017E+00
     10.20 -.2840E+00
     10.40 -.3366E+00
     10.60 -.3219E+00
     10.80 -.2824E+00
     11.00 -.2871E+00
     11.20 -.2728E+00
     11.40 -.2635E+00
     11.60 -.2437E+00
     11.80 -.1679E+00
     12.00 -.9486E-01
     12.20 -.7527E-01
     12.40 -.1588E-01
     12.60 0.2170E-02
     12.80 -.1021E-01
     13.00 -.2856E-02
     13.20 0.6729E-01
     13.40 0.4945E-01
     13.60 -.7648E-01
     13.80 0.1784E-02
     14.00 0.9525E-01
     14.20 0.1329E+00
     14.40 0.2364E+00
     14.60 0.7303E-01
     14.80 0.2145E+00
     15.00 0.3108E+00
     15.20 0.3185E+00
     15.40 0.3875E+00
     15.60 0.3058E+00
     15.80 0.2058E+00
     16.00 0.1748E+00
     16.20 0.2615E+00
     16.40 0.1565E+00
     16.60 0.1025E+00
     16.80 0.1298E+00
     17.00 0.1649E+00
     17.20 0.1083E+00
     17.40 0.1326E+00
     17.60 0.1124E+00
     17.80 0.1627E+00
     18.00 0.1360E-01
     18.20 -.2953E-01
     18.40 -.4154E-02
     18.60 0.1108E+00
     18.80 0.1885E+00
     19.00 0.6744E-01
     19.20 0.5967E-01
     19.40 0.2949E-02
     19.60 0.7113E-01
     19.80 0.2479E-01
     20.00 -.2505E-01
     20.20 -.1092E+00
     20.40 -.4958E-01
     20.60 0.1605E-01
     20.80 -.1628E+00
     21.00 -.1442E+00
     21.20 0.5914E-02
     21.40 0.9630E-01
     21.60 0.1470E-01
     21.80 0.2977E-01
     22.00 0.6910E-01
     22.20 0.5715E-01
     22.40 0.5180E-02
     22.60 0.1308E-01
     22.80 0.1855E-01
     23.00 0.3600E-01
     23.20 0.1066E-01
     23.40 0.7456E-01
     23.60 -.1127E-01
     23.80 -.1103E-01
     24.00 -.3171E-01
     24.20 0.4827E-01
     24.40 0.7826E-01
     24.60 -.3975E-01
     24.80 -.3170E-01
     25.00 -.4204E-01
     25.20 -.5904E-01
     25.40 -.5448E-01
     25.60 -.1908E-01
     25.80 0.7438E-01
     26.00 -.3715E-01
     26.20 0.1772E-01
     26.40 -.4446E-01
     26.60 0.2426E-01
     26.80 -.5238E-01
     27.00 -.7062E-01
     27.20 -.7870E-01
     27.40 0.4270E-01
     27.60 -.8735E-03
     27.80 0.3090E-01
     28.00 -.7403E-01
     28.20 -.7879E-01
     28.40 0.5289E-02
     28.60 -.2577E-01
     28.80 -.2294E-01
     29.00 -.7242E-01
     29.20 -.4368E-01
     29.40 0.3689E-01
     29.60 0.2997E-02
     29.80 0.8267E-02
     30.00 -.1288E-01
     30.20 0.1705E-01
     30.40 0.1333E-01
     30.60 0.8616E-01
     30.80 0.3441E-01
     31.00 -.3237E-01
     31.20 -.5131E-02
     31.40 -.2889E-03
     31.60 0.4273E-01
     31.80 0.4877E-01
     32.00 -.4547E-02
     32.20 -.3119E-02
     32.40 0.1140E-01
     32.60 0.6592E-01
     32.80 0.6598E-02
     33.00 -.3624E-01
     33.20 -.2662E-01
     33.40 -.7841E-01
     33.60 -.9845E-02
     33.80 0.2507E-01
     34.00 0.6581E-01
     34.20 0.2146E-01
     34.40 0.1052E+00
     34.60 0.3212E-01
     34.80 0.5602E-01
     35.00 -.8410E-02
     35.20 0.4428E-01
     35.40 0.1174E+00
     35.60 0.5792E-01
     35.80 -.1109E-01
     36.00 0.4731E-02
     36.20 -.5998E-01
     36.40 0.1180E-01
     36.60 0.3089E-01
     36.80 0.1513E-01
     37.00 -.9059E-02
     37.20 -.1048E+00
     37.40 -.6842E-01
     37.60 -.2905E-01
     37.80 0.6914E-01
     38.00 -.4263E-01
     38.20 -.1041E-01
     38.40 -.7800E-01
     38.60 0.1194E+00
     38.80 0.3884E-01
     39.00 0.4685E-02
     39.20 0.1429E-01
     39.40 0.8541E-03
     39.60 0.8441E-01
     39.80 0.5365E-02
     40.00 0.2379E-01
     40.20 0.6297E-01
     40.40 0.9002E-03
     40.60 -.1109E-01
     40.80 -.1827E-01
     41.00 -.1762E-01
     41.20 0.5930E-01
     41.40 -.8713E-02
     41.60 0.6083E-01
     41.80 0.4429E-01
     42.00 0.5563E-01
     42.20 0.2999E-01
     42.40 0.1741E-01
     42.60 -.3353E-01
     42.80 0.1116E+00
     43.00 0.6774E-01
     43.20 -.1771E-01
     43.40 0.3071E-01
     43.60 -.5750E-01
     43.80 -.2064E-02
     44.00 -.1394E-01
     44.20 -.6222E-01
     44.40 0.6419E-01
     44.60 0.9939E-02
     44.80 0.6836E-02
     45.00 0.1223E-01
     45.20 -.5636E-01
     45.40 -.8313E-02
     45.60 0.3320E-01
     45.80 -.4819E-01
     46.00 -.5826E-01
     46.20 -.5966E-01
     46.40 -.6358E-01
     46.60 0.1668E-01
     46.80 -.3594E-01
     47.00 0.1209E-01
     47.20 -.4543E-01
     47.40 0.4207E-02
     47.60 -.1059E+00
     47.80 -.6458E-01
     48.00 0.2444E-01
     48.20 -.2346E-01
     48.40 0.3403E-01
     48.60 0.3109E-02
     48.80 0.4626E-01
     49.00 -.1128E+00
     49.20 0.3686E-02
     49.40 -.2868E-01
     49.60 0.7021E-02
     49.80 0.2870E-01
     50.00 -.2522E-01
     50.20 -.2404E-01
     50.40 -.2269E-01
     50.60 0.1978E-01
     50.80 0.1633E-01
     51.00 0.5911E-01
     51.20 0.6045E-01
     51.40 0.4858E-01
     51.60 -.2209E-01
     51.80 -.2620E-01
     52.00 0.3022E-01
     52.20 -.1839E-01
     52.40 -.5562E-01
     52.60 -.5489E-01
     52.80 0.5911E-01
     53.00 0.2144E-01
     53.20 0.2889E-01
     53.40 0.2162E-01
     53.60 0.1029E+00
     53.80 0.2615E-01
     54.00 -.7036E-02
     54.20 -.1442E-01
     54.40 -.6912E-01
     54.60 -.1307E-01
     54.80 0.9260E-02
     55.00 0.3769E-01
     55.20 0.1887E-01
     55.40 0.1437E-01
     55.60 -.5117E-02
     55.80 0.4578E-01
     56.00 0.5363E-02
     56.20 -.6128E-01
     56.40 -.3099E-01
     56.60 -.8042E-01
     56.80 -.6028E-01
     57.00 0.9169E-02
     57.20 -.8998E-01
     57.40 -.3473E-01
     57.60 -.1680E-01
     57.80 0.7211E-01
     58.00 -.2183E-01
     58.20 0.2594E-01
     58.40 0.5948E-01
     58.60 0.1725E-01
     58.80 0.8275E-01
     59.00 0.6443E-01
     59.20 -.4326E-01
     59.40 -.8776E-03
     59.60 -.5810E-01
     59.80 -.6471E-02
     60.00 0.4199E-01
     60.20 -.7407E-01
     60.40 -.1057E+00
     60.60 -.9322E-01
     60.80 0.3218E-01
     61.00 0.1493E-02
     61.20 -.6119E-01
     61.40 0.5540E-01
     61.60 0.5265E-02
     61.80 -.4888E-01
     62.00 -.6142E-02
     62.20 0.2172E+00
     62.40 0.1708E-01
     62.60 0.2001E-01
     62.80 -.7352E-01
     63.00 0.4010E-02
     63.20 -.5369E-01
     63.40 0.4163E-01
     63.60 0.5203E-01
     63.80 -.8891E-02
     64.00 0.3622E-01
     64.20 -.4836E-01
     64.40 -.6887E-01
     64.60 -.2926E-01
     64.80 -.6440E-01
     65.00 -.2593E-01
     65.20 -.5622E-01
     65.40 -.6104E-01
     65.60 -.9810E-01
     65.80 -.6772E-01
     66.00 -.1036E+00
     66.20 -.9168E-02
     66.40 -.1587E-01
     66.60 0.3158E-01
     66.80 0.4066E-01
     67.00 0.3905E-01
     67.20 -.1629E-01
     67.40 -.9095E-02
     67.60 -.2590E-01
     67.80 0.3938E-04
     68.00 -.1042E+00
     68.20 0.7085E-01
     68.40 -.8589E-01
     68.60 -.8763E-01
     68.80 0.7121E-01
     69.00 0.1557E-01
     69.20 0.6806E-03
     69.40 0.1111E-01
     69.60 -.7505E-01
     69.80 0.6268E-01
     70.00 0.1112E+00
     70.20 -.5518E-01
     70.40 0.1971E-01
     70.60 0.2495E-01
     70.80 -.5356E-01
     71.00 -.2550E-01
     71.20 -.1898E-01
     71.40 0.3696E-01
     71.60 0.6458E-01
     71.80 0.8512E-02
     72.00 0.2549E-01
     72.20 -.1813E-01
     72.40 -.2658E-01
     72.60 0.2035E-01
     72.80 0.1066E-01
     73.00 0.4479E-01
     73.20 -.5152E-01
     73.40 0.7996E-01
     73.60 0.2145E-01
     73.80 -.2498E-02
     74.00 0.6083E-01
     74.20 0.6490E-01
     74.40 -.2149E-01
     74.60 -.4527E-01
     74.80 -.2448E-01
     75.00 0.1237E-01
     75.20 0.8647E-01
     75.40 0.9753E-01
     75.60 -.2932E-01
     75.80 -.5182E-01
     76.00 -.4786E-01
     76.20 0.1397E-01
     76.40 -.5687E-02
     76.60 0.1990E-01
     76.80 0.9193E-01
     77.00 0.2410E-01
     77.20 0.5849E-02
     77.40 -.8533E-02
     77.60 0.1804E-01
     77.80 0.5709E-02
     78.00 0.3681E-02
     78.20 0.6860E-01
     78.40 0.5458E-01
     78.60 -.1329E-01
     78.80 -.2618E-01
     79.00 0.2440E-01
     79.20 -.5680E-01
     79.40 -.6700E-01
     79.60 0.1780E-01
     79.80 -.1065E+00
     80.00 0.5851E-01
     80.20 0.4470E-02
     80.40 0.4599E-01
     80.60 -.9531E-01
     80.80 -.1031E-01
     81.00 0.9672E-02
     81.20 -.4391E-01
     81.40 -.2761E-01
     81.60 -.1524E-01
     81.80 -.4289E-01
     82.00 -.2482E-01
     82.20 0.1749E-01
     82.40 -.6045E-01
     82.60 0.3789E-01
     82.80 0.4144E-02
     83.00 0.9224E-01
     83.20 0.7920E-01
     83.40 0.1395E-01
     83.60 -.3196E-02
     83.80 0.2659E-01
     84.00 -.4558E-01
     84.20 -.2622E-01
     84.40 0.3163E-01
     84.60 -.2143E-01
     84.80 -.2582E-02
     85.00 0.3318E-02
     85.20 0.2401E-01
     85.40 0.4953E-01
     85.60 0.3156E-01
     85.80 0.8875E-01
     86.00 0.1016E+00
     86.20 0.1484E-01
     86.40 0.3567E-01
     86.60 -.5817E-02
     86.80 -.5818E-01
     87.00 -.3020E-01
     87.20 -.1130E-01
     87.40 0.3927E-01
     87.60 0.5694E-01
     87.80 0.2587E-01
     88.00 0.7134E-01
     88.20 -.1490E-01
     88.40 -.1390E-01
     88.60 -.4190E-01
     88.80 -.2256E-01
     89.00 0.4846E-01
     89.20 0.2174E-01
     89.40 0.5448E-02
     89.60 0.2150E-02
     89.80 0.6248E-01
     90.00 -.2689E-01
     90.20 0.6879E-01
     90.40 -.2875E-01
     90.60 -.8004E-01
     90.80 0.3633E-01
     91.00 -.1010E+00
     91.20 -.1905E-02
     91.40 0.7018E-02
     91.60 0.1006E-01
     91.80 -.2348E-01
     92.00 -.1344E+00
     92.20 -.6500E-02
     92.40 0.1101E-01
     92.60 0.7173E-03
     92.80 -.2622E-01
     93.00 -.7224E-01
     93.20 -.1381E-01
     93.40 0.9543E-02
     93.60 -.3184E-02
     93.80 0.1554E-02
     94.00 -.4956E-01
     94.20 -.6876E-01
     94.40 -.6526E-01
     94.60 -.4455E-01
     94.80 -.5050E-01
     95.00 -.5887E-01
     95.20 -.2047E-01
     95.40 -.1390E-01
     95.60 -.9726E-02
     95.80 -.7157E-01
     96.00 -.1218E+00
     96.20 -.8314E-01
     96.40 -.7712E-01
     96.60 -.1196E+00
     96.80 -.1186E+00
     97.00 -.1188E+00
     97.20 -.8272E-01
     97.40 -.9644E-01
     97.60 -.2780E-01
     97.80 -.7027E-01
     98.00 -.5577E-01
     98.20 -.2609E-01
     98.40 -.2444E-01
     98.60 0.4682E-01
     98.80 0.9109E-01
     99.00 0.3670E-01
     99.20 0.7090E-01
     99.40 -.2616E-01
     99.60 -.1682E-01
     99.80 -.3146E-01
    100.00 -.3023E-01
    100.20 -.1904E-01
    100.40 -.8238E-01
    100.60 -.2816E-02
    100.80 0.7445E-01
    101.00 -.1450E-01
    101.20 0.3089E-01
    101.40 -.1129E-01
    101.60 0.1445E-01
    101.80 -.4182E-01
    102.00 0.2776E-02
    102.20 0.2349E-01
    102.40 -.5113E-01
    102.60 0.8282E-01
    102.80 0.1214E+00
    103.00 0.1015E+00
    103.20 0.2800E-01
    103.40 0.7666E-01
    103.60 0.3343E-01
    103.80 0.2326E-02
    104.00 -.6048E-02
    104.20 -.1866E-01
    104.40 -.1222E-01
    104.60 0.1652E-01
    104.80 -.4138E-01
    105.00 -.3709E-01
    105.20 -.5716E-01
    105.40 -.6001E-01
    105.60 -.9115E-02
    105.80 0.5079E-01
    106.00 0.1025E+00
    106.20 -.1785E-01
    106.40 0.8172E-01
    106.60 0.3201E-01
    106.80 0.1957E-01
    107.00 0.3599E-02
    107.20 -.9735E-02
    107.40 -.4200E-01
    107.60 -.3647E-01
    107.80 -.7434E-01
    108.00 0.2362E-01
    108.20 -.4161E-01
    108.40 -.5569E-01
    108.60 -.2059E-01
    108.80 0.7926E-01
    109.00 0.7683E-01
    109.20 0.1071E+00
    109.40 0.3055E-01
    109.60 0.3732E-01
    109.80 0.1509E-01
    110.00 0.1916E-01
    110.20 -.2291E-01
    110.40 -.6659E-02
    110.60 -.1613E-01
    110.80 -.4881E-02
    111.00 -.5174E-01
    111.20 -.7033E-01
    111.40 -.4895E-01
    111.60 0.1742E-01
    111.80 -.3357E-01
    112.00 0.5945E-01
    112.20 0.2613E-01
    112.40 0.6214E-01
    112.60 0.9828E-02
    112.80 0.1624E+00
    113.00 0.1432E+00
    113.20 0.9646E-02
    113.40 0.2722E-01
    113.60 -.1544E-01
    113.80 -.2466E-01
    114.00 -.2726E-01
    114.20 -.4252E-01
    114.40 0.3517E-01
    114.60 0.5503E-01
    114.80 0.7180E-01
    115.00 0.1245E-01
    115.20 -.2071E-01
    115.40 0.5012E-01
    115.60 0.2048E-01
    115.80 0.1821E-01
    116.00 0.7193E-02
    116.20 -.6303E-02
    116.40 -.1017E-01
    116.60 0.2431E-01
    116.80 -.6461E-01
    117.00 -.1087E+00
    117.20 -.8389E-01
    117.40 -.1174E+00
    117.60 -.1058E+00
    117.80 0.1595E-01
    118.00 -.3991E-01
    118.20 -.5905E-01
    118.40 0.9477E-01
    118.60 0.1578E-01
    118.80 0.4805E-01
    119.00 0.3952E-01
    119.20 0.1024E-01
    119.40 0.5637E-01
    119.60 -.3233E-02
    119.80 -.6632E-02
    120.00 0.3348E-01
    120.20 0.3470E-01
    120.40 0.2027E-01
    120.60 0.3143E-01
    120.80 -.8735E-01
    121.00 -.8973E-01
    121.20 0.5235E-01
    121.40 0.3005E-01
    121.60 0.5703E-01
    121.80 0.2464E-01
    122.00 -.1552E-01
    122.20 -.6928E-02
    122.40 0.3798E-01
    122.60 0.7301E-01
    122.80 0.3538E-01
    123.00 0.3849E-01
    123.20 0.1707E+00
    123.40 0.4927E-03
    123.60 0.5586E-01
    123.80 -.3495E-01
    124.00 -.3429E-01
    124.20 -.8341E-02
    124.40 -.9513E-01
    124.60 -.7375E-01
    124.80 -.4884E-02
    125.00 -.7371E-01
    125.20 -.1567E+00
    125.40 -.5216E-01
    125.60 -.7060E-01
    125.80 -.2486E-01
    126.00 0.5092E-01
    126.20 0.6020E-01
    126.40 0.1153E+00
    126.60 0.1217E+00
    126.80 0.3157E-01
    127.00 -.2222E-01
    127.20 0.1726E+00
    127.40 0.5638E-01
    127.60 -.3941E-02
    127.80 0.2342E-01
    128.00 -.2569E-01
    128.20 -.5806E-01
    128.40 -.1018E+00
    128.60 -.8240E-01
    128.80 -.5388E-01
    129.00 -.5211E-01
    129.20 -.2853E-02
    129.40 -.3805E-01
    129.60 -.1000E+00
    129.80 0.4542E-01
    130.00 0.9164E-01
    130.20 0.2290E-01
    130.40 -.2015E-01
    130.60 -.5165E-01
    130.80 -.7733E-01
    131.00 0.1967E-01
    131.20 -.6238E-01
    131.40 0.2081E-01
    131.60 0.1178E+00
    131.80 0.2204E-01
    132.00 0.1737E-01
    132.20 -.2506E-01
    132.40 0.4053E-02
    132.60 0.4455E-03
    132.80 0.4719E-01
    133.00 0.8189E-01
    133.20 0.1811E-01
    133.40 0.8104E-01
    133.60 0.9144E-01
    133.80 -.4719E-01
    134.00 -.6127E-02
    134.20 -.2034E-01
    134.40 0.1381E-01
    134.60 -.1943E-01
    134.80 0.4844E-02
    135.00 0.6911E-02
    135.20 -.6099E-01
    135.40 -.4639E-01
    135.60 -.5334E-01
    135.80 0.1619E-01
    136.00 -.4528E-01
    136.20 0.2855E-03
    136.40 -.1230E-01
    136.60 -.2654E-01
    136.80 0.2902E-02
    137.00 0.1056E+00
    137.20 0.2132E-01
    137.40 0.2704E-01
    137.60 -.8369E-01
    137.80 0.4914E-03
    138.00 -.3833E-01
    138.20 -.5784E-01
    138.40 0.2738E-01
    138.60 -.7272E-01
    138.80 -.5706E-01
    139.00 0.4383E-01
    139.20 -.2459E-01
    139.40 -.5011E-01
    139.60 0.1092E+00
    139.80 0.5360E-01
    140.00 0.3703E-01
    140.20 -.6796E-01
    140.40 -.6352E-01
    140.60 -.2038E-01
    140.80 -.2884E-01
    141.00 -.9120E-01
    141.20 0.1147E-01
    141.40 0.1286E+00
    141.60 0.1229E-01
    141.80 -.1884E-01
    142.00 -.5470E-02
    142.20 -.4851E-01
    142.40 -.1017E+00
    142.60 0.9856E-02
    142.80 -.4418E-01
    143.00 0.3927E-01
    143.20 -.3817E-02
    143.40 -.2688E-01
    143.60 -.3008E-01
    143.80 -.1419E-01
    144.00 -.4901E-02
    144.20 0.4761E-01
    144.40 0.7983E-01
    144.60 0.5061E-01
    144.80 0.2532E-02
    145.00 0.3607E-01
    145.20 -.3263E-01
    145.40 -.6568E-01
    145.60 -.2105E-01
    145.80 0.7094E-01
    146.00 0.4434E-01
    146.20 0.1968E-01
    146.40 -.1163E+00
    146.60 -.4861E-01
    146.80 -.6482E-01
    147.00 -.4590E-01
    147.20 0.1185E-01
    147.40 -.6468E-01
    147.60 -.1511E+00
    147.80 0.1247E-01
    148.00 -.5600E-02
    148.20 -.1482E-01
    148.40 0.1816E-01
    148.60 0.5960E-01
    148.80 0.4626E-01
    149.00 0.2027E-01
    149.20 0.2997E-01
    149.40 0.1821E-01
    149.60 -.2245E-01
    149.80 -.2754E-01
    150.00 -.1776E-01
    150.20 0.1559E-01
    150.40 0.4549E-01
    150.60 0.1527E+00
    150.80 0.1317E+00
    151.00 0.5158E-01
    151.20 0.8921E-01
    151.40 0.1066E+00
    151.60 -.1013E-01
    151.80 0.1607E-01
    152.00 -.6793E-01
    152.20 -.3363E-01
    152.40 0.3963E-01
    152.60 0.5171E-01
    152.80 -.8202E-01
    153.00 -.4959E-01
    153.20 -.8783E-01
    153.40 0.2929E-01
    153.60 -.2975E-02
    153.80 0.1065E-01
    154.00 0.9307E-01
    154.20 0.1260E+00
    154.40 0.1377E+00
    154.60 0.2992E-01
    154.80 0.7071E-01
    155.00 -.7010E-01
    155.20 -.5567E-01
    155.40 -.3752E-01
    155.60 0.1223E+00
    155.80 0.9937E-01
    156.00 0.5911E-02
    156.20 0.1075E+00
    156.40 0.6206E-01
    156.60 0.5657E-01
    156.80 0.3262E-01
    157.00 0.5725E-01
    157.20 -.9910E-01
    157.40 -.5100E-01
    157.60 -.4726E-02
    157.80 -.3944E-01
    158.00 -.6628E-01
    158.20 -.2407E-01
    158.40 -.6605E-01
    158.60 -.6121E-01
    158.80 -.3173E-01
    159.00 -.1035E+00
    159.20 -.5668E-01
    159.40 -.8269E-01
    159.60 0.1402E-01
    159.80 0.7347E-01
    160.00 0.1709E+00
    160.20 -.9704E-02
    160.40 -.5071E-01
    160.60 -.5624E-01
    160.80 0.3413E-01
    161.00 -.2706E-01
    161.20 -.3954E-02
    161.40 -.6003E-01
    161.60 -.1193E-01
    161.80 0.9860E-02
    162.00 0.2674E-01
    162.20 -.5954E-01
    162.40 -.4873E-01
    162.60 -.1118E+00
    162.80 -.3866E-01
    163.00 0.9915E-02
    163.20 -.2262E-01
    163.40 -.4652E-01
    163.60 -.1184E+00
    163.80 -.1311E+00
    164.00 0.4440E+00
    164.20 0.5157E+01
    164.40 0.3834E+01
    164.60 0.2465E+01
    164.80 0.1325E+01
    165.00 0.5351E+00
    165.20 -.6906E-01
    165.40 -.5119E+00
    165.60 -.8295E+00
    165.80 -.1058E+01
    166.00 -.1203E+01
    166.20 -.1312E+01
    166.40 -.1349E+01
    166.60 -.1349E+01
    166.80 -.1333E+01
    167.00 -.1291E+01
    167.20 -.1231E+01
    167.40 -.1161E+01
    167.60 -.1085E+01
    167.80 -.1017E+01
    168.00 -.9398E+00
    168.20 -.8639E+00
    168.40 -.7821E+00
    168.60 -.7094E+00
    168.80 -.6404E+00
    169.00 -.5705E+00
    169.20 -.5112E+00
    169.40 -.4562E+00
    169.60 -.4020E+00
    169.80 -.3525E+00
    170.00 -.3053E+00
    170.20 -.2517E+00
    170.40 -.1974E+00
    170.60 -.1451E+00
    170.80 -.1028E+00
    171.00 -.7194E-01
    171.20 -.4336E-01
    171.40 -.5584E-02
    171.60 0.2781E-01
    171.80 0.5680E-01
    172.00 0.8559E-01
